Time: 2020-05-11 17:52:07.106631
conv_layers: 2
filters: [32, 32]
kernel_size: [4, 4]
dilation_rate: 2
gru_cells: 32
epochs: 50
data: data/data-snr:100.0-sr:60-mr:(10-50)-bs:100.npy
Test loss: 0.11966159269213676
Test accuracy: 0.953417956829071