Time: 2020-05-11 18:07:48.704588
conv_layers: 2
filters: [32, 32]
kernel_size: [4, 4]
dilation_rate: 2
gru_cells: 32
epochs: 50
data: data/data-snr:500.0-sr:60-mr:(10-50)-bs:100.npy
Test loss: 0.09089839160442352
Test accuracy: 0.9658203125