Time: 2020-05-11 18:07:14.043237
conv_layers: 2
filters: [32, 32]
kernel_size: [4, 4]
dilation_rate: 2
gru_cells: 32
epochs: 50
data: data/data-snr:300.0-sr:60-mr:(10-50)-bs:100.npy
Test loss: 0.6135434508323669
Test accuracy: 0.69287109375