Time: 2020-05-11 17:42:07.601278
conv_layers: 2
filters: [32, 32]
kernel_size: [4, 4]
dilation_rate: 2
gru_cells: 32
epochs: 20
data: data/data-snr:3.0-sr:60-mr:(10-50)-bs:100.npy
Test loss: 0.007807887345552445
Test accuracy: 0.99658203125