Time: 2020-05-11 18:04:12.286300
conv_layers: 3
filters: [32, 32, 32]
kernel_size: [4, 4, 4]
dilation_rate: 2
gru_cells: 32
epochs: 50
data: data/data-snr:200.0-sr:60-mr:(10-50)-bs:100.npy
Test loss: 0.4850614070892334
Test accuracy: 0.7513672113418579