Time: 2020-05-11 17:51:34.155876
conv_layers: 2
filters: [32, 32]
kernel_size: [4, 4]
dilation_rate: 2
gru_cells: 32
epochs: 20
data: data/data-snr:100.0-sr:60-mr:(10-50)-bs:100.npy
Test loss: 1.0052470564842224
Test accuracy: 0.8021484613418579